000 0.158 0.000 0.000 -1.313 -0.000 -0.000 -1.767 -0.000 0.914 -1.841 -1.716 1.513 -2.437 -4.363 -2.398 -0.233 -1.245 -0.000 -0.000 -0.000 -0.000 -0.000 -4.261 1.056 1.182 -0.000 -0.000 -0.000 -2.907 -0.000 -0.000 -0.000 -0.000 -2.042 -0.000 -0.000
000 0.007 0.000 0.000 0.005 -0.000 -0.000 0.005 -0.000 0.006 0.005 0.005 0.028 0.005 0.018 0.010 0.014 0.010 -0.000 -0.000 -0.000 -0.000 -0.000 0.015 0.003 0.003 -0.000 -0.000 -0.000 0.007 -0.000 -0.000 -0.000 -0.000 0.013 -0.000 -0.000
010 0.157 0.000 0.000 -1.312 -0.000 -0.000 -1.769 -0.000 0.918 -1.824 -1.699 1.509 -2.420 -4.268 -2.397 -0.237 -1.248 -0.000 -0.000 -0.000 -0.000 -0.000 -4.258 1.056 1.182 -0.000 -0.000 -0.000 -2.893 -0.000 -0.000 -0.000 -0.000 -2.038 -0.000 -0.000
010 0.007 0.000 0.000 0.005 -0.000 -0.000 0.006 -0.000 0.007 0.005 0.005 0.027 0.005 0.015 0.010 0.014 0.010 -0.000 -0.000 -0.000 -0.000 -0.000 0.009 0.003 0.003 -0.000 -0.000 -0.000 0.007 -0.000 -0.000 -0.000 -0.000 0.013 -0.000 -0.000
020 0.157 0.000 0.000 -1.309 -0.000 -0.000 -1.789 -0.000 0.940 -1.772 -1.647 1.535 -2.369 -4.263 -2.369 -0.245 -1.231 -0.000 -0.000 -0.000 -0.000 -0.000 -4.236 1.057 1.182 -0.000 -0.000 -0.000 -2.878 -0.000 -0.000 -0.000 -0.000 -2.045 -0.000 -0.000
020 0.007 0.000 0.000 0.005 -0.000 -0.000 0.006 -0.000 0.007 0.005 0.005 0.026 0.005 0.015 0.009 0.013 0.010 -0.000 -0.000 -0.000 -0.000 -0.000 0.008 0.003 0.003 -0.000 -0.000 -0.000 0.007 -0.000 -0.000 -0.000 -0.000 0.014 -0.000 -0.000
030 0.158 0.000 0.000 -1.304 -0.000 -0.000 -1.824 -0.000 0.981 -1.695 -1.570 1.573 -2.293 -4.189 -2.305 -0.246 -1.183 -0.000 -0.000 -0.000 -0.000 -0.000 -4.172 1.058 1.184 -0.000 -0.000 -0.000 -2.861 -0.000 -0.000 -0.000 -0.000 -2.036 -0.000 -0.000
030 0.007 0.000 0.000 0.004 -0.000 -0.000 0.006 -0.000 0.007 0.005 0.005 0.024 0.005 0.012 0.008 0.012 0.009 -0.000 -0.000 -0.000 -0.000 -0.000 0.008 0.003 0.003 -0.000 -0.000 -0.000 0.007 -0.000 -0.000 -0.000 -0.000 0.013 -0.000 -0.000
040 0.159 0.000 0.000 -1.300 -0.000 -0.000 -1.852 -0.000 1.013 -1.617 -1.492 1.619 -2.215 -4.029 -2.218 -0.244 -1.119 -0.000 -0.000 -0.000 -0.000 -0.000 -4.030 1.059 1.184 -0.000 -0.000 -0.000 -2.851 -0.000 -0.000 -0.000 -0.000 -2.027 -0.000 -0.000
040 0.007 0.000 0.000 0.004 -0.000 -0.000 0.006 -0.000 0.007 0.005 0.005 0.023 0.005 0.011 0.008 0.011 0.009 -0.000 -0.000 -0.000 -0.000 -0.000 0.014 0.003 0.003 -0.000 -0.000 -0.000 0.007 -0.000 -0.000 -0.000 -0.000 0.013 -0.000 -0.000
050 0.159 0.000 0.000 -1.298 -0.000 -0.000 -1.868 -0.000 1.030 -1.518 -1.393 1.678 -2.118 -3.892 -2.100 -0.236 -1.032 -0.000 -0.000 -0.000 -0.000 -0.000 -3.799 1.060 1.186 -0.000 -0.000 -0.000 -2.842 -0.000 -0.000 -0.000 -0.000 -2.008 -0.000 -0.000
050 0.007 0.000 0.000 0.005 -0.000 -0.000 0.007 -0.000 0.007 0.005 0.005 0.021 0.005 0.016 0.007 0.009 0.008 -0.000 -0.000 -0.000 -0.000 -0.000 0.021 0.003 0.003 -0.000 -0.000 -0.000 0.007 -0.000 -0.000 -0.000 -0.000 0.013 -0.000 -0.000
060 0.158 0.000 0.000 -1.299 -0.000 -0.000 -1.867 -0.000 1.029 -1.352 -1.227 1.755 -1.953 -3.481 -1.924 -0.227 -0.900 -0.000 -0.000 -0.000 -0.000 -0.000 -3.147 1.062 1.187 -0.000 -0.000 -0.000 -2.818 -0.000 -0.000 -0.000 -0.000 -1.978 -0.000 -0.000
060 0.007 0.000 0.000 0.005 -0.000 -0.000 0.007 -0.000 0.008 0.005 0.005 0.019 0.004 0.020 0.006 0.008 0.007 -0.000 -0.000 -0.000 -0.000 -0.000 0.010 0.003 0.003 -0.000 -0.000 -0.000 0.007 -0.000 -0.000 -0.000 -0.000 0.013 -0.000 -0.000
070 0.157 0.000 0.000 -1.297 -0.000 -0.000 -1.888 -0.000 1.052 -1.231 -1.106 1.801 -1.835 -3.285 -1.803 -0.223 -0.819 -0.000 -0.000 -0.000 -0.000 -0.000 -2.911 1.064 1.189 -0.000 -0.000 -0.000 -2.796 -0.000 -0.000 -0.000 -0.000 -1.957 -0.000 -0.000
070 0.007 0.000 0.000 0.005 -0.000 -0.000 0.007 -0.000 0.008 0.005 0.005 0.018 0.005 0.026 0.006 0.008 0.007 -0.000 -0.000 -0.000 -0.000 -0.000 0.010 0.003 0.003 -0.000 -0.000 -0.000 0.007 -0.000 -0.000 -0.000 -0.000 0.013 -0.000 -0.000
080 0.157 0.000 0.000 -1.295 -0.000 -0.000 -1.902 -0.000 1.068 -1.139 -1.014 1.821 -1.743 -3.065 -1.728 -0.220 -0.756 -0.000 -0.000 -0.000 -0.000 -0.000 -2.690 1.064 1.189 -0.000 -0.000 -0.000 -2.764 -0.000 -0.000 -0.000 -0.000 -1.941 -0.000 -0.000
080 0.007 0.000 0.000 0.005 -0.000 -0.000 0.007 -0.000 0.008 0.005 0.005 0.017 0.004 0.022 0.006 0.007 0.007 -0.000 -0.000 -0.000 -0.000 -0.000 0.008 0.003 0.003 -0.000 -0.000 -0.000 0.007 -0.000 -0.000 -0.000 -0.000 0.013 -0.000 -0.000
090 0.159 0.000 0.000 -1.295 -0.000 -0.000 -1.893 -0.000 1.058 -1.203 -1.078 1.798 -1.805 -3.243 -1.810 -0.237 -0.812 -0.000 -0.000 -0.000 -0.000 -0.000 -2.792 1.062 1.188 -0.000 -0.000 -0.000 -2.767 -0.000 -0.000 -0.000 -0.000 -1.963 -0.000 -0.000
090 0.007 0.000 0.000 0.005 -0.000 -0.000 0.007 -0.000 0.008 0.005 0.005 0.015 0.004 0.022 0.006 0.007 0.007 -0.000 -0.000 -0.000 -0.000 -0.000 0.008 0.003 0.003 -0.000 -0.000 -0.000 0.007 -0.000 -0.000 -0.000 -0.000 0.012 -0.000 -0.000
100 0.163 0.000 0.000 -1.296 -0.000 -0.000 -1.878 -0.000 1.043 -1.309 -1.184 1.749 -1.908 -3.300 -1.926 -0.236 -0.875 -0.000 -0.000 -0.000 -0.000 -0.000 -2.859 1.060 1.185 -0.000 -0.000 -0.000 -2.782 -0.000 -0.000 -0.000 -0.000 -1.988 -0.000 -0.000
100 0.007 0.000 0.000 0.005 -0.000 -0.000 0.006 -0.000 0.007 0.005 0.005 0.016 0.004 0.020 0.006 0.007 0.007 -0.000 -0.000 -0.000 -0.000 -0.000 0.007 0.003 0.003 -0.000 -0.000 -0.000 0.007 -0.000 -0.000 -0.000 -0.000 0.012 -0.000 -0.000
110 0.164 0.000 0.000 -1.297 -0.000 -0.000 -1.862 -0.000 1.025 -1.471 -1.346 1.682 -2.068 -3.546 -2.075 -0.235 -0.981 -0.000 -0.000 -0.000 -0.000 -0.000 -3.118 1.058 1.184 -0.000 -0.000 -0.000 -2.818 -0.000 -0.000 -0.000 -0.000 -2.015 -0.000 -0.000
110 0.007 0.000 0.000 0.005 -0.000 -0.000 0.006 -0.000 0.007 0.005 0.005 0.019 0.004 0.018 0.007 0.009 0.008 -0.000 -0.000 -0.000 -0.000 -0.000 0.009 0.003 0.003 -0.000 -0.000 -0.000 0.007 -0.000 -0.000 -0.000 -0.000 0.013 -0.000 -0.000
120 0.165 0.000 0.000 -1.303 -0.000 -0.000 -1.815 -0.000 0.973 -1.757 -1.631 1.531 -2.351 -4.177 -2.322 -0.228 -1.171 -0.000 -0.000 -0.000 -0.000 -0.000 -4.050 1.055 1.180 -0.000 -0.000 -0.000 -2.867 -0.000 -0.000 -0.000 -0.000 -2.034 -0.000 -0.000
120 0.007 0.000 0.000 0.005 -0.000 -0.000 0.006 -0.000 0.007 0.005 0.005 0.025 0.005 0.014 0.009 0.012 0.010 -0.000 -0.000 -0.000 -0.000 -0.000 0.023 0.003 0.003 -0.000 -0.000 -0.000 0.007 -0.000 -0.000 -0.000 -0.000 0.013 -0.000 -0.000
130 0.165 0.000 0.000 -1.308 -0.000 -0.000 -1.782 -0.000 0.935 -1.841 -1.716 1.476 -2.434 -4.281 -2.411 -0.224 -1.225 -0.000 -0.000 -0.000 -0.000 -0.000 -4.187 1.053 1.179 -0.000 -0.000 -0.000 -2.877 -0.000 -0.000 -0.000 -0.000 -2.047 -0.000 -0.000
130 0.007 0.000 0.000 0.005 -0.000 -0.000 0.006 -0.000 0.007 0.005 0.005 0.027 0.005 0.017 0.010 0.014 0.011 -0.000 -0.000 -0.000 -0.000 -0.000 0.015 0.003 0.003 -0.000 -0.000 -0.000 0.007 -0.000 -0.000 -0.000 -0.000 0.014 -0.000 -0.000
140 0.165 0.000 0.000 -1.313 -0.000 -0.000 -1.761 -0.000 0.909 -1.874 -1.749 1.461 -2.466 -4.314 -2.437 -0.220 -1.240 -0.000 -0.000 -0.000 -0.000 -0.000 -4.253 1.053 1.178 -0.000 -0.000 -0.000 -2.887 -0.000 -0.000 -0.000 -0.000 -2.047 -0.000 -0.000
140 0.007 0.000 0.000 0.005 -0.000 -0.000 0.006 -0.000 0.007 0.006 0.006 0.028 0.005 0.016 0.010 0.015 0.011 -0.000 -0.000 -0.000 -0.000 -0.000 0.013 0.003 0.003 -0.000 -0.000 -0.000 0.007 -0.000 -0.000 -0.000 -0.000 0.014 -0.000 -0.000
150 0.164 0.000 0.000 -1.315 -0.000 -0.000 -1.750 -0.000 0.896 -1.885 -1.760 1.461 -2.478 -4.291 -2.442 -0.220 -1.248 -0.000 -0.000 -0.000 -0.000 -0.000 -4.280 1.053 1.179 -0.000 -0.000 -0.000 -2.894 -0.000 -0.000 -0.000 -0.000 -2.041 -0.000 -0.000
150 0.007 0.000 0.000 0.005 -0.000 -0.000 0.006 -0.000 0.007 0.006 0.006 0.029 0.005 0.012 0.011 0.015 0.011 -0.000 -0.000 -0.000 -0.000 -0.000 0.015 0.003 0.003 -0.000 -0.000 -0.000 0.008 -0.000 -0.000 -0.000 -0.000 0.014 -0.000 -0.000
160 0.163 0.000 0.000 -1.316 -0.000 -0.000 -1.750 -0.000 0.895 -1.886 -1.761 1.468 -2.479 -4.295 -2.439 -0.224 -1.254 -0.000 -0.000 -0.000 -0.000 -0.000 -4.289 1.054 1.179 -0.000 -0.000 -0.000 -2.897 -0.000 -0.000 -0.000 -0.000 -2.040 -0.000 -0.000
160 0.007 0.000 0.000 0.005 -0.000 -0.000 0.006 -0.000 0.006 0.006 0.006 0.029 0.005 0.012 0.011 0.015 0.011 -0.000 -0.000 -0.000 -0.000 -0.000 0.014 0.003 0.003 -0.000 -0.000 -0.000 0.008 -0.000 -0.000 -0.000 -0.000 0.013 -0.000 -0.000
170 0.162 0.000 0.000 -1.314 -0.000 -0.000 -1.757 -0.000 0.903 -1.874 -1.748 1.476 -2.467 -4.228 -2.421 -0.229 -1.253 -0.000 -0.000 -0.000 -0.000 -0.000 -4.268 1.054 1.180 -0.000 -0.000 -0.000 -2.897 -0.000 -0.000 -0.000 -0.000 -2.024 -0.000 -0.000
170 0.007 0.000 0.000 0.005 -0.000 -0.000 0.006 -0.000 0.007 0.006 0.006 0.028 0.005 0.012 0.010 0.015 0.011 -0.000 -0.000 -0.000 -0.000 -0.000 0.013 0.003 0.003 -0.000 -0.000 -0.000 0.008 -0.000 -0.000 -0.000 -0.000 0.013 -0.000 -0.000
180 0.163 0.000 0.000 -1.313 -0.000 -0.000 -1.765 -0.000 0.912 -1.854 -1.729 1.490 -2.448 -4.355 -2.401 -0.237 -1.250 -0.000 -0.000 -0.000 -0.000 -0.000 -4.285 1.054 1.180 -0.000 -0.000 -0.000 -2.891 -0.000 -0.000 -0.000 -0.000 -2.020 -0.000 -0.000
180 0.007 0.000 0.000 0.005 -0.000 -0.000 0.006 -0.000 0.007 0.006 0.006 0.028 0.005 0.009 0.010 0.014 0.011 -0.000 -0.000 -0.000 -0.000 -0.000 0.014 0.003 0.003 -0.000 -0.000 -0.000 0.008 -0.000 -0.000 -0.000 -0.000 0.013 -0.000 -0.000
190 0.166 0.000 0.000 -1.310 -0.000 -0.000 -1.781 -0.000 0.932 -1.812 -1.687 1.505 -2.406 -4.095 -2.368 -0.240 -1.233 -0.000 -0.000 -0.000 -0.000 -0.000 -4.190 1.055 1.180 -0.000 -0.000 -0.000 -2.879 -0.000 -0.000 -0.000 -0.000 -2.010 -0.000 -0.000
190 0.007 0.000 0.000 0.005 -0.000 -0.000 0.006 -0.000 0.007 0.005 0.005 0.026 0.005 0.008 0.010 0.013 0.010 -0.000 -0.000 -0.000 -0.000 -0.000 0.013 0.003 0.003 -0.000 -0.000 -0.000 0.007 -0.000 -0.000 -0.000 -0.000 0.013 -0.000 -0.000
200 0.166 0.000 0.000 -1.306 -0.000 -0.000 -1.807 -0.000 0.962 -1.748 -1.623 1.540 -2.342 -4.069 -2.321 -0.244 -1.203 -0.000 -0.000 -0.000 -0.000 -0.000 -4.138 1.055 1.180 -0.000 -0.000 -0.000 -2.864 -0.000 -0.000 -0.000 -0.000 -2.010 -0.000 -0.000
200 0.007 0.000 0.000 0.005 -0.000 -0.000 0.006 -0.000 0.007 0.005 0.005 0.025 0.005 0.010 0.009 0.013 0.010 -0.000 -0.000 -0.000 -0.000 -0.000 0.012 0.003 0.003 -0.000 -0.000 -0.000 0.007 -0.000 -0.000 -0.000 -0.000 0.013 -0.000 -0.000
210 0.170 0.000 0.000 -1.300 -0.000 -0.000 -1.851 -0.000 1.012 -1.625 -1.500 1.614 -2.221 -4.086 -2.211 -0.243 -1.130 -0.000 -0.000 -0.000 -0.000 -0.000 -4.035 1.057 1.182 -0.000 -0.000 -0.000 -2.848 -0.000 -0.000 -0.000 -0.000 -1.992 -0.000 -0.000
210 0.007 0.000 0.000 0.005 -0.000 -0.000 0.006 -0.000 0.007 0.005 0.005 0.023 0.005 0.010 0.008 0.011 0.009 -0.000 -0.000 -0.000 -0.000 -0.000 0.012 0.003 0.003 -0.000 -0.000 -0.000 0.007 -0.000 -0.000 -0.000 -0.000 0.013 -0.000 -0.000
220 0.170 0.000 0.000 -1.296 -0.000 -0.000 -1.879 -0.000 1.044 -1.539 -1.413 1.667 -2.137 -4.107 -2.118 -0.240 -1.069 -0.000 -0.000 -0.000 -0.000 -0.000 -3.875 1.060 1.185 -0.000 -0.000 -0.000 -2.844 -0.000 -0.000 -0.000 -0.000 -1.976 -0.000 -0.000
220 0.007 0.000 0.000 0.005 -0.000 -0.000 0.007 -0.000 0.007 0.005 0.005 0.021 0.005 0.013 0.007 0.009 0.008 -0.000 -0.000 -0.000 -0.000 -0.000 0.016 0.003 0.003 -0.000 -0.000 -0.000 0.007 -0.000 -0.000 -0.000 -0.000 0.012 -0.000 -0.000
230 0.170 0.000 0.000 -1.294 -0.000 -0.000 -1.899 -0.000 1.066 -1.391 -1.266 1.737 -1.994 -3.771 -1.976 -0.237 -0.965 -0.000 -0.000 -0.000 -0.000 -0.000 -3.420 1.063 1.189 -0.000 -0.000 -0.000 -2.826 -0.000 -0.000 -0.000 -0.000 -1.954 -0.000 -0.000
230 0.007 0.000 0.000 0.005 -0.000 -0.000 0.007 -0.000 0.007 0.005 0.005 0.018 0.004 0.025 0.006 0.008 0.007 -0.000 -0.000 -0.000 -0.000 -0.000 0.013 0.003 0.003 -0.000 -0.000 -0.000 0.007 -0.000 -0.000 -0.000 -0.000 0.011 -0.000 -0.000
240 0.165 0.000 0.000 -1.292 -0.000 -0.000 -1.913 -0.000 1.082 -1.226 -1.101 1.786 -1.832 -3.341 -1.834 -0.236 -0.853 -0.000 -0.000 -0.000 -0.000 -0.000 -2.924 1.067 1.192 -0.000 -0.000 -0.000 -2.782 -0.000 -0.000 -0.000 -0.000 -1.934 -0.000 -0.000
240 0.007 0.000 0.000 0.005 -0.000 -0.000 0.007 -0.000 0.007 0.005 0.005 0.015 0.004 0.025 0.006 0.007 0.007 -0.000 -0.000 -0.000 -0.000 -0.000 0.008 0.003 0.003 -0.000 -0.000 -0.000 0.007 -0.000 -0.000 -0.000 -0.000 0.011 -0.000 -0.000
250 0.162 0.000 0.000 -1.290 -0.000 -0.000 -1.927 -0.000 1.098 -1.074 -0.949 1.815 -1.681 -2.925 -1.691 -0.230 -0.731 -0.000 -0.000 -0.000 -0.000 -0.000 -2.523 1.068 1.193 -0.000 -0.000 -0.000 -2.718 -0.000 -0.000 -0.000 -0.000 -1.926 -0.000 -0.000
250 0.007 0.000 0.000 0.005 -0.000 -0.000 0.007 -0.000 0.008 0.005 0.005 0.013 0.004 0.017 0.006 0.007 0.007 -0.000 -0.000 -0.000 -0.000 -0.000 0.007 0.003 0.003 -0.000 -0.000 -0.000 0.007 -0.000 -0.000 -0.000 -0.000 0.011 -0.000 -0.000
260 0.162 0.000 0.000 -1.291 -0.000 -0.000 -1.906 -0.000 1.076 -1.039 -0.914 1.805 -1.644 -2.833 -1.666 -0.228 -0.690 -0.000 -0.000 -0.000 -0.000 -0.000 -2.421 1.065 1.191 -0.000 -0.000 -0.000 -2.680 -0.000 -0.000 -0.000 -0.000 -1.936 -0.000 -0.000
260 0.007 0.000 0.000 0.005 -0.000 -0.000 0.007 -0.000 0.007 0.005 0.005 0.012 0.004 0.015 0.006 0.006 0.007 -0.000 -0.000 -0.000 -0.000 -0.000 0.006 0.003 0.003 -0.000 -0.000 -0.000 0.006 -0.000 -0.000 -0.000 -0.000 0.012 -0.000 -0.000
270 0.165 0.000 0.000 -1.290 -0.000 -0.000 -1.905 -0.000 1.075 -1.158 -1.033 1.766 -1.761 -3.034 -1.795 -0.246 -0.779 -0.000 -0.000 -0.000 -0.000 -0.000 -2.576 1.063 1.189 -0.000 -0.000 -0.000 -2.709 -0.000 -0.000 -0.000 -0.000 -1.975 -0.000 -0.000
270 0.007 0.000 0.000 0.004 -0.000 -0.000 0.006 -0.000 0.007 0.005 0.005 0.012 0.004 0.014 0.006 0.007 0.007 -0.000 -0.000 -0.000 -0.000 -0.000 0.006 0.003 0.003 -0.000 -0.000 -0.000 0.006 -0.000 -0.000 -0.000 -0.000 0.011 -0.000 -0.000
280 0.165 0.000 0.000 -1.292 -0.000 -0.000 -1.878 -0.000 1.046 -1.382 -1.257 1.695 -1.981 -3.396 -2.009 -0.246 -0.935 -0.000 -0.000 -0.000 -0.000 -0.000 -2.953 1.060 1.185 -0.000 -0.000 -0.000 -2.778 -0.000 -0.000 -0.000 -0.000 -2.005 -0.000 -0.000
280 0.007 0.000 0.000 0.004 -0.000 -0.000 0.006 -0.000 0.007 0.005 0.005 0.015 0.004 0.017 0.006 0.008 0.007 -0.000 -0.000 -0.000 -0.000 -0.000 0.008 0.003 0.003 -0.000 -0.000 -0.000 0.006 -0.000 -0.000 -0.000 -0.000 0.011 -0.000 -0.000
290 0.162 0.000 0.000 -1.295 -0.000 -0.000 -1.853 -0.000 1.018 -1.629 -1.504 1.587 -2.226 -3.909 -2.210 -0.238 -1.092 -0.000 -0.000 -0.000 -0.000 -0.000 -3.548 1.057 1.182 -0.000 -0.000 -0.000 -2.835 -0.000 -0.000 -0.000 -0.000 -2.030 -0.000 -0.000
290 0.007 0.000 0.000 0.004 -0.000 -0.000 0.006 -0.000 0.007 0.005 0.005 0.020 0.005 0.021 0.007 0.010 0.008 -0.000 -0.000 -0.000 -0.000 -0.000 0.016 0.003 0.003 -0.000 -0.000 -0.000 0.007 -0.000 -0.000 -0.000 -0.000 0.012 -0.000 -0.000
300 0.162 0.000 0.000 -1.300 -0.000 -0.000 -1.822 -0.000 0.983 -1.745 -1.620 1.521 -2.340 -4.037 -2.305 -0.231 -1.154 -0.000 -0.000 -0.000 -0.000 -0.000 -3.785 1.055 1.181 -0.000 -0.000 -0.000 -2.851 -0.000 -0.000 -0.000 -0.000 -2.037 -0.000 -0.000
300 0.007 0.000 0.000 0.004 -0.000 -0.000 0.006 -0.000 0.006 0.005 0.005 0.022 0.005 0.019 0.008 0.011 0.009 -0.000 -0.000 -0.000 -0.000 -0.000 0.015 0.003 0.003 -0.000 -0.000 -0.000 0.007 -0.000 -0.000 -0.000 -0.000 0.013 -0.000 -0.000
310 0.161 0.000 0.000 -1.305 -0.000 -0.000 -1.797 -0.000 0.953 -1.825 -1.700 1.480 -2.419 -4.080 -2.378 -0.227 -1.206 -0.000 -0.000 -0.000 -0.000 -0.000 -4.050 1.054 1.179 -0.000 -0.000 -0.000 -2.869 -0.000 -0.000 -0.000 -0.000 -2.046 -0.000 -0.000
310 0.007 0.000 0.000 0.004 -0.000 -0.000 0.006 -0.000 0.006 0.005 0.005 0.024 0.005 0.012 0.009 0.013 0.010 -0.000 -0.000 -0.000 -0.000 -0.000 0.013 0.003 0.003 -0.000 -0.000 -0.000 0.007 -0.000 -0.000 -0.000 -0.000 0.013 -0.000 -0.000
320 0.162 0.000 0.000 -1.308 -0.000 -0.000 -1.778 -0.000 0.931 -1.873 -1.748 1.463 -2.466 -4.111 -2.424 -0.224 -1.240 -0.000 -0.000 -0.000 -0.000 -0.000 -4.255 1.054 1.179 -0.000 -0.000 -0.000 -2.886 -0.000 -0.000 -0.000 -0.000 -2.050 -0.000 -0.000
320 0.007 0.000 0.000 0.004 -0.000 -0.000 0.005 -0.000 0.006 0.005 0.005 0.025 0.005 0.010 0.010 0.014 0.011 -0.000 -0.000 -0.000 -0.000 -0.000 0.008 0.003 0.003 -0.000 -0.000 -0.000 0.007 -0.000 -0.000 -0.000 -0.000 0.013 -0.000 -0.000
330 0.163 0.000 0.000 -1.310 -0.000 -0.000 -1.774 -0.000 0.925 -1.847 -1.722 1.496 -2.441 -4.103 -2.399 -0.227 -1.225 -0.000 -0.000 -0.000 -0.000 -0.000 -4.010 1.055 1.180 -0.000 -0.000 -0.000 -2.900 -0.000 -0.000 -0.000 -0.000 -2.043 -0.000 -0.000
330 0.007 0.000 0.000 0.005 -0.000 -0.000 0.005 -0.000 0.006 0.005 0.005 0.025 0.005 0.010 0.010 0.014 0.010 -0.000 -0.000 -0.000 -0.000 -0.000 0.014 0.003 0.003 -0.000 -0.000 -0.000 0.007 -0.000 -0.000 -0.000 -0.000 0.013 -0.000 -0.000
340 0.163 0.000 0.000 -1.310 -0.000 -0.000 -1.780 -0.000 0.931 -1.775 -1.650 1.550 -2.371 -4.013 -2.347 -0.234 -1.191 -0.000 -0.000 -0.000 -0.000 -0.000 -3.655 1.056 1.181 -0.000 -0.000 -0.000 -2.898 -0.000 -0.000 -0.000 -0.000 -2.040 -0.000 -0.000
340 0.007 0.000 0.000 0.005 -0.000 -0.000 0.005 -0.000 0.006 0.005 0.005 0.025 0.005 0.020 0.009 0.013 0.010 -0.000 -0.000 -0.000 -0.000 -0.000 0.013 0.003 0.003 -0.000 -0.000 -0.000 0.007 -0.000 -0.000 -0.000 -0.000 0.013 -0.000 -0.000
350 0.162 0.000 0.000 -1.311 -0.000 -0.000 -1.776 -0.000 0.925 -1.769 -1.644 1.555 -2.365 -4.017 -2.341 -0.235 -1.195 -0.000 -0.000 -0.000 -0.000 -0.000 -3.653 1.056 1.182 -0.000 -0.000 -0.000 -2.899 -0.000 -0.000 -0.000 -0.000 -2.030 -0.000 -0.000
350 0.007 0.000 0.000 0.005 -0.000 -0.000 0.005 -0.000 0.006 0.005 0.005 0.026 0.005 0.021 0.009 0.012 0.010 -0.000 -0.000 -0.000 -0.000 -0.000 0.012 0.003 0.003 -0.000 -0.000 -0.000 0.007 -0.000 -0.000 -0.000 -0.000 0.013 -0.000 -0.000
